20 10
11 73 63 83 83 13 25 74 33 30
52 4 0 65 87 12 77 90 0 85
60 8 15 84 36 46 99 14 79 22
14 27 81 32 44 13 0 68 49 90
49 99 80 60 59 13 33 13 41 52
69 39 14 58 18 75 78 46 63 2
58 96 45 28 46 69 96 64 45 52
14 6 51 97 23 87 87 99 77 52
66 51 22 74 0 98 70 42 80 28
36 98 44 34 8 55 55 51 36 80
90 79 73 8 16 7 18 21 20 4
8 55 67 54 11 29 65 0 62 0
57 1 55 3 22 40 99 40 1 0
39 79 38 26 60 34 94 81 22 41
27 1 10 12 89 37 29 56 85 66
78 66 35 36 40 96 64 89 52 48
0 17 0 40 80 29 91 95 15 76
97 66 33 60 40 12 38 36 19 76
5 10 26 22 21 59 57 33 48 0
45 14 48 6 62 51 13 74 15 46
