15 15
9 64 0 49 0 4 0 78 0 58 30 14 0 4 0
49 0 0 0 57 0 45 29 0 0 0 72 0 38 43
0 0 55 25 76 0 65 5 52 23 48 66 21 51 4
40 0 0 51 0 30 0 0 71 66 74 35 0 0 0
66 0 72 8 47 26 0 46 1 80 0 77 30 0 24
0 0 0 0 10 3 36 15 0 38 21 22 0 0 42
15 50 25 33 0 27 0 3 51 21 65 0 29 0 0
0 68 0 74 0 0 39 28 0 10 39 0 33 72 0
28 0 22 0 0 0 0 26 27 56 64 50 64 79 0
0 26 0 0 18 28 13 0 0 69 69 6 22 69 43
0 0 44 31 0 0 0 0 71 0 53 19 0 79 49
71 11 0 38 15 36 6 0 2 15 0 0 76 15 31
14 49 0 38 62 27 0 2 0 0 0 51 9 41 0
0 28 0 0 0 0 46 70 26 11 0 58 74 0 0
40 24 75 0 43 79 77 29 32 35 10 0 2 46 20
