20 10
26 22 3 29 28 19 19 18 16 16
5 29 26 21 11 21 26 21 28 27
4 21 27 7 5 9 19 2 23 25
9 13 29 26 8 27 21 13 3 9
1 7 21 28 17 7 6 28 22 11
6 29 3 18 29 30 20 15 29 23
30 24 12 5 22 21 16 15 1 24
2 8 4 24 27 21 8 13 26 29
9 28 17 12 2 30 25 6 15 27
4 14 30 20 18 26 6 7 8 4
26 2 7 1 17 21 10 5 8 16
19 11 28 15 29 4 26 2 14 17
3 25 13 19 4 28 30 23 2 9
13 17 10 28 25 16 2 29 20 25
30 15 2 2 15 27 26 29 30 4
21 4 9 27 3 29 27 28 4 18
16 11 5 14 26 27 13 6 15 18
2 17 10 20 17 4 25 10 15 2
5 28 16 19 9 25 20 25 8 12
2 19 16 17 28 1 13 14 15 17
