15 15
5 19 28 26 25 3 9 4 16 25 15 16 21 13 26
7 4 16 1 29 27 13 14 20 25 25 1 23 15 9
24 26 8 19 4 29 11 1 1 1 21 18 1 29 13
22 7 14 24 1 17 8 25 15 16 18 8 12 8 22
8 25 15 10 30 1 14 27 30 18 30 21 4 6 21
24 28 10 4 24 11 29 24 23 17 30 14 17 27 30
22 7 10 10 19 29 16 28 17 13 19 28 2 16 8
24 26 13 14 22 6 12 18 29 23 25 22 24 12 3
15 22 17 4 25 6 17 27 13 12 16 24 1 16 2
10 23 28 20 19 19 13 21 6 6 17 8 1 25 7
18 30 28 18 8 13 17 12 28 19 12 15 30 9 22
18 20 24 1 13 26 28 27 29 24 17 26 5 17 25
18 7 14 2 16 28 12 19 18 7 17 14 16 27 12
14 12 1 18 18 20 26 20 11 15 20 1 26 8 21
6 18 19 6 28 3 26 18 26 28 27 30 9 2 27
